
    Ada_CNN_False_train_accuracy_: 0.8906976744186047
    Ada_CNN_False_test_accuracy_: 0.8930232558139535
    Ada_CNN_False_training_Precision: 0.5701988175106455
    Ada_CNN_False_test_Precision: 0.5807311500380807
    Ada_CNN_False_training_Recall: 0.5121129326047359
    Ada_CNN_False_test_Recall: 0.513023679417122
    Ada_CNN_False_training_F1-score: 0.5318660274699326
    Ada_CNN_False_test_F1-score: 0.5356421356421356
    