
    CNN_train_accuracy_: 0.8976744186046511
    CNN_test_accuracy_: 0.8976744186046511
    CNN_training_Precision: 0.6308943089430894
    CNN_test_Precision: 0.6308943089430894
    CNN_training_Recall: 0.5
    CNN_test_Recall: 0.5
    CNN_training_F1-score: 0.5366552119129439
    CNN_test_F1-score: 0.5366552119129439
    