
    Ada_CNN_train_accuracy_: 0.9465116279069767
    Ada_CNN_test_accuracy_: 0.9348837209302325
    Ada_CNN_training_Precision: 0.850158476258183
    Ada_CNN_test_Precision: 0.8297517297517297
    Ada_CNN_training_Recall: 0.8720775741990785
    Ada_CNN_test_Recall: 0.8421515054109076
    Ada_CNN_training_F1-score: 0.8608115444788184
    Ada_CNN_test_F1-score: 0.8357469015003263
    