
    Ada_CNN_False_train_accuracy_: 0.8906976744186047
    Ada_CNN_False_test_accuracy_: 0.8883720930232558
    Ada_CNN_False_training_Precision: 0.5779423868312757
    Ada_CNN_False_test_Precision: 0.5749863163656267
    Ada_CNN_False_training_Recall: 0.5355726990249652
    Ada_CNN_False_test_Recall: 0.5257687774563378
    Ada_CNN_False_training_F1-score: 0.5503015381007863
    Ada_CNN_False_test_F1-score: 0.5424930022035614
    