
    Ada_CNN_train_accuracy_: 0.8953488372093024
    Ada_CNN_test_accuracy_: 0.8883720930232558
    Ada_CNN_training_Precision: 0.7599718757642456
    Ada_CNN_test_Precision: 0.716569048548744
    Ada_CNN_training_Recall: 0.6917068466730955
    Ada_CNN_test_Recall: 0.5843565841637202
    Ada_CNN_training_F1-score: 0.7203465972253947
    Ada_CNN_test_F1-score: 0.623391812865497
    