
    CNN_train_accuracy_: 0.8790697674418605
    CNN_test_accuracy_: 0.8837209302325582
    CNN_training_Precision: 0.5397943640517898
    CNN_test_Precision: 0.5684789067142009
    CNN_training_Recall: 0.5132326154505518
    CNN_test_Recall: 0.5061609343190828
    CNN_training_F1-score: 0.521933621933622
    CNN_test_F1-score: 0.5260858865510029
    