
    Ada_CNN_train_accuracy_: 0.9511627906976744
    Ada_CNN_test_accuracy_: 0.9395348837209302
    Ada_CNN_training_Precision: 0.86229816912967
    Ada_CNN_test_Precision: 0.8289584651064726
    Ada_CNN_training_Recall: 0.8399362477231329
    Ada_CNN_test_Recall: 0.7871584699453552
    Ada_CNN_training_F1-score: 0.85081220704321
    Ada_CNN_test_F1-score: 0.806129300031739
    