
    Ada_CNN_False_train_accuracy_: 0.9279069767441861
    Ada_CNN_False_test_accuracy_: 0.9209302325581395
    Ada_CNN_False_training_Precision: 0.9090946400722318
    Ada_CNN_False_test_Precision: 0.9329526226734348
    Ada_CNN_False_training_Recall: 0.6509562841530054
    Ada_CNN_False_test_Recall: 0.6204007285974499
    Ada_CNN_False_training_F1-score: 0.712520180370762
    Ada_CNN_False_test_F1-score: 0.6737956001113895
    