
    Ada_CNN_train_accuracy_: 0.913953488372093
    Ada_CNN_test_accuracy_: 0.9023255813953488
    Ada_CNN_training_Precision: 0.7906614219114219
    Ada_CNN_test_Precision: 0.7599773242630384
    Ada_CNN_training_Recall: 0.6640255009107467
    Ada_CNN_test_Recall: 0.5982695810564663
    Ada_CNN_training_F1-score: 0.7115554302638191
    Ada_CNN_test_F1-score: 0.6458160572936299
    