
    Ada_CNN_False_train_accuracy_: 0.8953488372093024
    Ada_CNN_False_test_accuracy_: 0.8976744186046511
    Ada_CNN_False_training_Precision: 0.5920987654320987
    Ada_CNN_False_test_Precision: 0.6044061302681992
    Ada_CNN_False_training_Recall: 0.5139344262295081
    Ada_CNN_False_test_Recall: 0.5148451730418944
    Ada_CNN_False_training_F1-score: 0.539519106056071
    Ada_CNN_False_test_F1-score: 0.5435017271157166
    