
    Ada_CNN_False_train_accuracy_: 0.9302325581395349
    Ada_CNN_False_test_accuracy_: 0.9209302325581395
    Ada_CNN_False_training_Precision: 0.9199097574732092
    Ada_CNN_False_test_Precision: 0.9716666666666667
    Ada_CNN_False_training_Recall: 0.6518670309653917
    Ada_CNN_False_test_Recall: 0.5944444444444444
    Ada_CNN_False_training_F1-score: 0.7170008354218881
    Ada_CNN_False_test_F1-score: 0.6443297142114528
    