
    Ada_CNN_train_accuracy_: 0.9488372093023256
    Ada_CNN_test_accuracy_: 0.9395348837209302
    Ada_CNN_training_Precision: 0.8543989223337048
    Ada_CNN_test_Precision: 0.8292060388834582
    Ada_CNN_training_Recall: 0.8390255009107467
    Ada_CNN_test_Recall: 0.7871584699453552
    Ada_CNN_training_F1-score: 0.8465596855978686
    Ada_CNN_test_F1-score: 0.8069968724096089
    